# Conv5_1 test
accuracy-1 = 0.927376
accuracy-2 = 0.807124
accuracy-3 = 0.687374
accuracy-4 = 0.58625
accuracy-5 = 0.851875
accuracy-6 = 0.944876
accuracy-7 = 0.952001
accuracy-8 = 0.900751
accuracy-9 = 0.892125
accuracy-10 = 0.977251
accuracy-11 = 0.5995
accuracy-12 = 0.816625
accuracy-13 = 0.604
accuracy-14 = 0.8745
accuracy-15 = 0.852125
accuracy-16 = 0.68875
accuracy-17 = 0.685124
accuracy-18 = 0.78275
accuracy-19 = 0.69975
accuracy-20 = 0.72225
accuracy-21 = 0.613125
accuracy-22 = 0.837875
accuracy-23 = 0.8615
accuracy-24 = 0.948251
accuracy-25 = 0.794374
accuracy-26 = 0.955501
accuracy-27 = 0.81775
accuracy-28 = 0.81775
accuracy-29 = 0.878875
accuracy-30 = 0.845875
accuracy-31 = 0.907751
accuracy-32 = 0.765375
accuracy-33 = 0.66725
accuracy-34 = 0.847875
accuracy-35 = 0.880625
accuracy-36 = 0.92625
accuracy-37 = 0.83575
accuracy-38 = 0.890876
accuracy-39 = 0.682749
accuracy-40 = 0.895625
accuracy-41 = 0.827875
accuracy-42 = 0.859375
average = 0.8145387857