# FC6 training
accuracy-1 = 0.957752
accuracy-2 = 0.858002
accuracy-3 = 0.72615
accuracy-4 = 0.63445
accuracy-5 = 0.863101
accuracy-6 = 0.952252
accuracy-7 = 0.960302
accuracy-8 = 0.920152
accuracy-9 = 0.886202
accuracy-10 = 0.983701
accuracy-11 = 0.656751
accuracy-12 = 0.876352
accuracy-13 = 0.633301
accuracy-14 = 0.895103
accuracy-15 = 0.896052
accuracy-16 = 0.744899
accuracy-17 = 0.7668
accuracy-18 = 0.7688
accuracy-19 = 0.72505
accuracy-20 = 0.8179
accuracy-21 = 0.604851
accuracy-22 = 0.866051
accuracy-23 = 0.870951
accuracy-24 = 0.953352
accuracy-25 = 0.8252
accuracy-26 = 0.963052
accuracy-27 = 0.857601
accuracy-28 = 0.846252
accuracy-29 = 0.916902
accuracy-30 = 0.899451
accuracy-31 = 0.935302
accuracy-32 = 0.80415
accuracy-33 = 0.74275
accuracy-34 = 0.897152
accuracy-35 = 0.926303
accuracy-36 = 0.950452
accuracy-37 = 0.852302
accuracy-38 = 0.911401
accuracy-39 = 0.79495
accuracy-40 = 0.924702
accuracy-41 = 0.83155
accuracy-42 = 0.872802
average = 0.846917881